2 826.212 
3 812.265 
4 801.846 
5 804.153 
6 817.758 
7 840.465 
8 870.504 
9 906.243 
10 947.89 
11 993.242 
12 1042.23 
13 1093.7 
14 1148.24 
15 1205.56 
16 1263.82 
17 1323.4 
18 1385.06 
19 1448.89 
20 1514.19 
21 1579.75 
22 1645.58 
23 1711.95 
24 1778.95 
25 1846.44 
26 1914.12 
27 1982.02 
28 2050.14 
29 2118.39 
30 2186.51 
31 2254.2 
32 2321.49 
33 2388.5 
34 2455.31 
35 2521.97 
36 2588.49 
37 2654.84 
38 2720.93 
39 2786.6 
40 2851.65 
41 2915.86 
42 2979.21 
43 3041.74 
44 3103.48 
45 3164.45 
46 3224.65 
47 3284.09 
48 3342.73 
49 3400.55 
50 3457.48 
51 3513.47 
52 3568.52 
53 3622.65 
54 3675.86 
55 3728.15 
56 3779.51 
57 3829.92 
58 3879.36 
59 3927.78 
60 3975.15 
61 4021.4 
62 4066.53 
63 4110.57 
64 4153.5 
65 4195.34 
66 4236.08 
67 4275.72 
68 4314.24 
69 4351.62 
70 4387.85 
71 4422.91 
72 4456.79 
73 4489.5 
74 4521.04 
75 4551.43 
76 4580.65 
77 4608.7 
78 4635.57 
79 4661.26 
80 4685.74 
81 4709.01 
82 4731.06 
83 4751.91 
84 4771.57 
85 4790.03 
86 4807.31 
87 4823.41 
88 4838.32 
89 4852.04 
90 4864.58 
91 4875.92 
92 4886.07 
93 4895.04 
94 4902.85 
95 4909.49 
96 4914.97 
97 4919.31 
98 4922.49 
99 4924.52 
100 4925.4 
101 4925.12 
102 4923.72 
103 4921.2 
104 4917.58 
105 4912.89 
106 4907.14 
107 4900.35 
108 4892.54 
109 4883.73 
110 4873.92 
111 4863.15 
112 4851.42 
113 4838.74 
114 4825.15 
115 4810.63 
116 4795.22 
117 4778.92 
118 4761.74 
119 4743.69 
120 4724.78 
121 4705.03 
122 4684.44 
123 4663.05 
124 4640.89 
125 4617.98 
126 4594.34 
127 4570.01 
128 4545 
129 4519.34 
130 4493.06 
131 4466.17 
132 4438.72 
133 4410.71 
134 4382.18 
135 4353.15 
136 4323.64 
137 4293.68 
138 4263.28 
139 4232.47 
140 4201.27 
141 4169.71 
142 4137.81 
143 4105.59 
144 4073.08 
145 4040.32 
146 4007.32 
147 3974.11 
148 3940.72 
149 3907.17 
150 3873.49 
151 3839.7 
152 3805.82 
153 3771.89 
154 3737.91 
155 3703.92 
156 3669.94 
157 3635.98 
158 3602.07 
159 3568.24 
160 3534.49 
161 3500.86 
162 3467.36 
163 3434.01 
164 3400.83 
165 3367.85 
166 3335.08 
167 3302.54 
168 3270.25 
169 3238.23 
170 3206.5 
171 3175.07 
172 3143.95 
173 3113.17 
174 3082.73 
175 3052.65 
176 3022.95 
177 2993.63 
178 2964.71 
179 2936.19 
180 2908.09 
181 2880.42 
182 2853.18 
183 2826.38 
184 2800.04 
185 2774.17 
186 2748.76 
187 2723.84 
188 2699.4 
189 2675.45 
190 2651.99 
191 2629.03 
192 2606.57 
193 2584.62 
194 2563.16 
195 2542.21 
196 2521.76 
197 2501.8 
198 2482.34 
199 2463.37 
200 2444.88 
201 2426.88 
202 2409.35 
203 2392.3 
204 2375.74 
205 2359.66 
206 2344.06 
207 2328.94 
208 2314.3 
209 2300.14 
210 2286.45 
211 2273.22 
212 2260.46 
213 2248.15 
214 2236.29 
215 2224.87 
216 2213.88 
217 2203.31 
218 2193.16 
219 2183.4 
220 2174.02 
221 2165.02 
222 2156.38 
223 2148.07 
224 2140.09 
225 2132.42 
226 2125.04 
227 2117.95 
228 2111.14 
229 2104.61 
230 2098.35 
231 2092.37 
232 2086.65 
233 2081.2 
234 2076.01 
235 2071.07 
236 2066.37 
237 2061.91 
238 2057.69 
239 2053.68 
240 2049.89 
241 2046.3 
242 2042.91 
243 2039.71 
244 2036.68 
245 2033.81 
246 2031.09 
247 2028.52 
248 2026.07 
249 2023.73 
250 2021.49 
251 2019.34 
252 2017.27 
253 2015.28 
254 2013.38 
255 2011.56 
256 2009.82 
257 2008.15 
258 2006.57 
259 2005.06 
260 2003.63 
261 2002.27 
262 2000.98 
263 1999.76 
264 1998.61 
265 1997.52 
266 1996.49 
267 1995.52 
268 1994.62 
269 1993.76 
270 1992.95 
271 1992.19 
272 1991.48 
273 1990.8 
274 1990.16 
275 1989.56 
276 1988.98 
277 1988.43 
278 1987.91 
279 1987.42 
280 1986.97 
281 1986.55 
282 1986.18 
283 1985.84 
284 1985.54 
285 1985.29 
286 1985.08 
287 1984.91 
288 1984.79 
289 1984.73 
290 1984.71 
291 1984.75 
292 1984.84 
293 1984.98 
294 1985.18 
295 1985.45 
296 1985.77 
297 1986.15 
298 1986.6 
299 1987.11 
300 1987.68 
301 1988.33 
302 1989.04 
303 1989.82 
304 1990.66 
305 1991.57 
306 1992.55 
307 1993.59 
308 1994.7 
309 1995.87 
310 1997.1 
311 1998.4 
312 1999.76 
313 2001.17 
314 2002.65 
315 2004.19 
316 2005.78 
317 2007.43 
318 2009.13 
319 2010.88 
320 2012.69 
321 2014.55 
322 2016.45 
323 2018.41 
324 2020.41 
325 2022.45 
326 2024.53 
327 2026.65 
328 2028.81 
329 2031.01 
330 2033.23 
331 2035.49 
332 2037.78 
333 2040.09 
334 2042.43 
335 2044.78 
336 2047.16 
337 2049.55 
338 2051.95 
339 2054.36 
340 2056.78 
341 2059.2 
342 2061.62 
343 2064.04 
344 2066.45 
345 2068.85 
346 2071.24 
347 2073.61 
348 2075.95 
349 2078.27 
350 2080.57 
351 2082.83 
352 2085.05 
353 2087.25 
354 2089.4 
355 2091.53 
356 2093.61 
357 2095.66 
358 2097.67 
359 2099.65 
360 2101.59 
361 2103.48 
362 2105.34 
363 2107.16 
364 2108.94 
365 2110.68 
366 2112.37 
367 2114.02 
368 2115.63 
369 2117.2 
370 2118.72 
371 2120.19 
372 2121.62 
373 2123 
374 2124.33 
375 2125.61 
376 2126.85 
377 2128.03 
378 2129.16 
379 2130.24 
380 2131.27 
381 2132.24 
382 2133.16 
383 2134.02 
384 2134.82 
385 2135.57 
386 2136.26 
387 2136.89 
388 2137.45 
389 2137.96 
390 2138.4 
391 2138.78 
392 2139.09 
393 2139.34 
394 2139.52 
395 2139.63 
396 2139.67 
397 2139.64 
398 2139.54 
399 2139.36 
400 2139.11 
401 2138.79 
402 2138.39 
403 2137.91 
404 2137.35 
405 2136.72 
406 2136.02 
407 2135.23 
408 2134.37 
409 2133.43 
410 2132.41 
411 2131.32 
412 2130.14 
413 2128.89 
414 2127.56 
415 2126.15 
416 2124.66 
417 2123.1 
418 2121.45 
419 2119.73 
420 2117.92 
421 2116.04 
422 2114.08 
423 2112.03 
424 2109.91 
425 2107.71 
426 2105.42 
427 2103.06 
428 2100.61 
429 2098.09 
430 2095.48 
431 2092.79 
432 2090.02 
433 2087.17 
434 2084.24 
435 2081.23 
436 2078.13 
437 2074.95 
438 2071.7 
439 2068.35 
440 2064.93 
441 2061.42 
442 2057.84 
443 2054.17 
444 2050.41 
445 2046.58 
446 2042.66 
447 2038.66 
448 2034.57 
449 2030.4 
450 2026.15 
451 2021.82 
452 2017.4 
453 2012.9 
454 2008.32 
455 2003.65 
456 1998.91 
457 1994.08 
458 1989.16 
459 1984.17 
460 1979.09 
461 1973.93 
462 1968.69 
463 1963.37 
464 1957.96 
465 1952.48 
466 1946.91 
467 1941.27 
468 1935.54 
469 1929.73 
470 1923.84 
471 1917.88 
472 1911.83 
473 1905.7 
474 1899.5 
475 1893.21 
476 1886.85 
477 1880.41 
478 1873.89 
479 1867.29 
480 1860.62 
481 1853.87 
482 1847.04 
483 1840.14 
484 1833.15 
485 1826.1 
486 1818.96 
487 1811.76 
488 1804.47 
489 1797.12 
490 1789.69 
491 1782.18 
492 1774.6 
493 1766.95 
494 1759.23 
495 1751.43 
496 1743.56 
497 1735.62 
498 1727.61 
499 1719.53 
500 1711.38 
501 1703.16 
502 1694.87 
503 1686.51 
504 1678.09 
505 1669.61 
506 1661.06 
507 1652.45 
508 1643.78 
509 1635.06 
510 1626.27 
511 1617.44 
512 1608.54 
513 1599.6 
514 1590.61 
515 1581.57 
516 1572.48 
517 1563.35 
518 1554.17 
519 1544.95 
520 1535.69 
521 1526.4 
522 1517.06 
523 1507.7 
524 1498.3 
525 1488.87 
526 1479.41 
527 1469.93 
528 1460.42 
529 1450.88 
530 1441.33 
531 1431.76 
532 1422.17 
533 1412.57 
534 1402.95 
535 1393.33 
536 1383.7 
537 1374.06 
538 1364.42 
539 1354.77 
540 1345.13 
541 1335.49 
542 1325.86 
543 1316.23 
544 1306.62 
545 1297.02 
546 1287.43 
547 1277.86 
548 1268.31 
549 1258.79 
550 1249.29 
551 1239.81 
552 1230.37 
553 1220.95 
554 1211.57 
555 1202.21 
556 1192.88 
557 1183.59 
558 1174.32 
559 1165.09 
560 1155.89 
561 1146.73 
562 1137.59 
563 1128.49 
564 1119.43 
565 1110.4 
566 1101.4 
567 1092.45 
568 1083.52 
569 1074.64 
570 1065.79 
571 1056.98 
572 1048.21 
573 1039.47 
574 1030.78 
575 1022.12 
576 1013.5 
577 1004.93 
578 996.395 
579 987.901 
580 979.45 
581 971.04 
582 962.673 
583 954.349 
584 946.068 
585 937.831 
586 929.638 
587 921.49 
588 913.386 
589 905.328 
590 897.315 
591 889.349 
592 881.429 
593 873.556 
594 865.73 
595 857.952 
596 850.222 
597 842.54 
598 834.907 
599 827.323 
600 819.788 
601 812.303 
602 804.869 
603 797.488 
604 790.161 
605 782.89 
606 775.676 
607 768.521 
608 761.426 
609 754.394 
610 747.425 
611 740.521 
612 733.684 
613 726.915 
614 720.216 
615 713.589 
616 707.036 
617 700.557 
618 694.155 
619 687.831 
620 681.587 
621 675.425 
622 669.347 
623 663.353 
624 657.447 
625 651.629 
626 645.901 
627 640.266 
628 634.725 
629 629.28 
630 623.932 
631 618.684 
632 613.537 
633 608.493 
634 603.554 
635 598.722 
636 593.999 
637 589.386 
638 584.886 
639 580.501 
640 576.231 
641 572.08 
642 568.05 
643 564.141 
644 560.357 
645 556.699 
646 553.17 
647 549.77 
648 546.503 
649 543.37 
650 540.373 
651 537.514 
652 534.792 
653 532.205 
654 529.752 
655 527.429 
656 525.237 
657 523.172 
658 521.233 
659 519.419 
660 517.726 
661 516.154 
662 514.7 
663 513.361 
664 512.137 
665 511.025 
666 510.022 
667 509.127 
668 508.337 
669 507.65 
670 507.064 
671 506.576 
672 506.185 
673 505.886 
674 505.679 
675 505.561 
676 505.529 
677 505.58 
678 505.712 
679 505.923 
680 506.209 
681 506.569 
682 506.998 
683 507.495 
684 508.056 
685 508.68 
686 509.362 
687 510.1 
688 510.89 
689 511.731 
690 512.619 
691 513.55 
692 514.522 
693 515.532 
694 516.575 
695 517.65 
696 518.752 
697 519.879 
698 521.026 
699 522.191 
700 523.371 
701 524.561 
702 525.76 
703 526.965 
704 528.176 
705 529.389 
706 530.604 
707 531.817 
708 533.027 
709 534.232 
710 535.43 
711 536.619 
712 537.796 
713 538.959 
714 540.107 
715 541.237 
716 542.347 
717 543.435 
718 544.498 
719 545.534 
720 546.541 
721 547.516 
722 548.458 
723 549.363 
724 550.23 
725 551.056 
726 551.838 
727 552.574 
728 553.262 
729 553.899 
730 554.483 
731 555.01 
732 555.479 
733 555.886 
734 556.23 
735 556.507 
736 556.715 
737 556.85 
738 556.911 
739 556.895 
740 556.798 
741 556.618 
742 556.353 
743 555.998 
744 555.552 
745 555.011 
746 554.373 
747 553.634 
748 552.792 
749 551.843 
750 550.784 
751 549.614 
752 548.333 
753 546.944 
754 545.448 
755 543.848 
756 542.146 
757 540.344 
758 538.444 
759 536.449 
760 534.361 
761 532.182 
762 529.915 
763 527.561 
764 525.124 
765 522.605 
766 520.008 
767 517.334 
768 514.587 
769 511.768 
770 508.881 
771 505.928 
772 502.911 
773 499.834 
774 496.698 
775 493.508 
776 490.264 
777 486.971 
778 483.632 
779 480.248 
780 476.823 
781 473.36 
782 469.862 
783 466.331 
784 462.771 
785 459.185 
786 455.576 
787 451.947 
788 448.301 
789 444.641 
790 440.971 
791 437.293 
792 433.612 
793 429.93 
794 426.251 
795 422.578 
796 418.914 
797 415.263 
798 411.629 
799 408.014 
800 404.423 
801 400.859 
802 397.323 
803 393.815 
804 390.338 
805 386.892 
806 383.478 
807 380.098 
808 376.752 
809 373.441 
810 370.167 
811 366.93 
812 363.732 
813 360.574 
814 357.457 
815 354.382 
816 351.35 
817 348.363 
818 345.421 
819 342.526 
820 339.678 
821 336.88 
822 334.131 
823 331.435 
824 328.79 
825 326.2 
826 323.665 
827 321.185 
828 318.764 
829 316.401 
830 314.098 
831 311.856 
832 309.677 
833 307.562 
834 305.512 
835 303.528 
836 301.612 
837 299.764 
838 297.988 
839 296.282 
840 294.65 
841 293.092 
842 291.61 
843 290.205 
844 288.878 
845 287.632 
846 286.466 
847 285.383 
848 284.384 
849 283.471 
850 282.644 
851 281.905 
852 281.253 
853 280.685 
854 280.201 
855 279.798 
856 279.474 
857 279.228 
858 279.058 
859 278.962 
860 278.937 
861 278.983 
862 279.097 
863 279.277 
864 279.522 
865 279.828 
866 280.195 
867 280.62 
868 281.101 
869 281.636 
870 282.223 
871 282.86 
872 283.545 
873 284.274 
874 285.047 
875 285.861 
876 286.714 
877 287.603 
878 288.527 
879 289.482 
880 290.467 
881 291.479 
882 292.516 
883 293.576 
884 294.655 
885 295.752 
886 296.865 
887 297.989 
888 299.124 
889 300.266 
890 301.414 
891 302.564 
892 303.713 
893 304.86 
894 306.001 
895 307.134 
896 308.256 
897 309.365 
898 310.457 
899 311.53 
900 312.581 
901 313.608 
902 314.61 
903 315.586 
904 316.537 
905 317.463 
906 318.362 
907 319.235 
908 320.082 
909 320.902 
910 321.695 
911 322.46 
912 323.198 
913 323.908 
914 324.591 
915 325.245 
916 325.87 
917 326.466 
918 327.034 
919 327.572 
920 328.08 
921 328.559 
922 329.007 
923 329.425 
924 329.812 
925 330.169 
926 330.494 
927 330.787 
928 331.049 
929 331.279 
930 331.476 
931 331.641 
932 331.772 
933 331.871 
934 331.936 
935 331.968 
936 331.965 
937 331.928 
938 331.857 
939 331.75 
940 331.608 
941 331.431 
942 331.219 
943 330.97 
944 330.685 
945 330.363 
946 330.004 
947 329.608 
948 329.175 
949 328.703 
950 328.194 
951 327.646 
952 327.061 
953 326.44 
954 325.783 
955 325.091 
956 324.366 
957 323.608 
958 322.818 
959 321.998 
960 321.148 
961 320.27 
962 319.364 
963 318.431 
964 317.473 
965 316.491 
966 315.485 
967 314.457 
968 313.408 
969 312.339 
970 311.251 
971 310.145 
972 309.022 
973 307.884 
974 306.731 
975 305.565 
976 304.387 
977 303.198 
978 302 
979 300.793 
980 299.578 
981 298.358 
982 297.133 
983 295.904 
984 294.672 
985 293.44 
986 292.208 
987 290.977 
988 289.749 
989 288.525 
990 287.306 
991 286.094 
992 284.89 
993 283.695 
994 282.511 
995 281.339 
996 280.181 
997 279.037 
998 277.91 
999 276.8 
1000 275.709 
1001 274.638 
1002 273.587 
1003 272.556 
1004 271.544 
1005 270.551 
1006 269.576 
1007 268.619 
1008 267.679 
1009 266.756 
1010 265.849 
1011 264.958 
1012 264.083 
1013 263.223 
1014 262.377 
1015 261.545 
1016 260.727 
1017 259.922 
1018 259.129 
1019 258.348 
1020 257.579 
1021 256.821 
1022 256.073 
1023 255.335 
1024 254.607 
1025 253.887 
1026 253.176 
1027 252.472 
1028 251.776 
1029 251.087 
1030 250.403 
1031 249.725 
1032 249.053 
1033 248.384 
1034 247.72 
1035 247.059 
1036 246.4 
1037 245.744 
1038 245.089 
1039 244.435 
1040 243.781 
1041 243.127 
1042 242.472 
1043 241.816 
1044 241.157 
1045 240.496 
1046 239.831 
1047 239.163 
1048 238.489 
1049 237.81 
1050 237.125 
1051 236.434 
1052 235.736 
1053 235.031 
1054 234.319 
1055 233.599 
1056 232.873 
1057 232.139 
1058 231.397 
1059 230.648 
1060 229.89 
1061 229.125 
1062 228.352 
1063 227.57 
1064 226.78 
1065 225.981 
1066 225.174 
1067 224.357 
1068 223.532 
1069 222.697 
1070 221.854 
1071 221 
1072 220.137 
1073 219.265 
1074 218.382 
1075 217.49 
1076 216.587 
1077 215.673 
1078 214.75 
1079 213.815 
1080 212.87 
1081 211.914 
1082 210.946 
1083 209.968 
1084 208.977 
1085 207.975 
1086 206.962 
1087 205.936 
1088 204.898 
1089 203.848 
1090 202.786 
1091 201.71 
1092 200.622 
1093 199.521 
1094 198.407 
1095 197.28 
1096 196.139 
1097 194.984 
1098 193.816 
1099 192.633 
1100 191.437 
1101 190.226 
1102 189.001 
1103 187.763 
1104 186.512 
1105 185.249 
1106 183.974 
1107 182.688 
1108 181.391 
1109 180.084 
1110 178.767 
1111 177.441 
1112 176.107 
1113 174.765 
1114 173.415 
1115 172.059 
1116 170.696 
1117 169.327 
1118 167.954 
1119 166.575 
1120 165.193 
1121 163.808 
1122 162.419 
1123 161.029 
1124 159.637 
1125 158.244 
1126 156.85 
1127 155.457 
1128 154.065 
1129 152.674 
1130 151.285 
1131 149.899 
1132 148.517 
1133 147.138 
1134 145.764 
1135 144.396 
1136 143.033 
1137 141.677 
1138 140.328 
1139 138.988 
1140 137.655 
1141 136.333 
1142 135.02 
1143 133.717 
1144 132.427 
1145 131.148 
1146 129.882 
1147 128.629 
1148 127.39 
1149 126.167 
1150 124.959 
1151 123.767 
1152 122.591 
1153 121.431 
1154 120.288 
1155 119.16 
1156 118.049 
1157 116.954 
1158 115.874 
1159 114.81 
1160 113.762 
1161 112.73 
1162 111.713 
1163 110.712 
1164 109.726 
1165 108.756 
1166 107.801 
1167 106.861 
1168 105.937 
1169 105.027 
1170 104.133 
1171 103.254 
1172 102.39 
1173 101.54 
1174 100.705 
1175 99.885 
1176 99.0795 
1177 98.2885 
1178 97.512 
1179 96.7498 
1180 96.0018 
1181 95.2681 
1182 94.5485 
1183 93.8429 
1184 93.1512 
1185 92.4734 
1186 91.8093 
1187 91.1589 
1188 90.522 
1189 89.8987 
1190 89.2888 
1191 88.6921 
1192 88.1087 
1193 87.5383 
1194 86.981 
1195 86.4366 
1196 85.905 
1197 85.3861 
1198 84.8798 
1199 84.3861 
1200 83.9047 
1201 83.4357 
1202 82.9788 
1203 82.5339 
1204 82.1008 
1205 81.6795 
1206 81.2697 
1207 80.8712 
1208 80.484 
1209 80.1078 
1210 79.7425 
1211 79.388 
1212 79.044 
1213 78.7104 
1214 78.387 
1215 78.0737 
1216 77.7703 
1217 77.4766 
1218 77.1925 
1219 76.9177 
1220 76.6521 
1221 76.3955 
1222 76.1478 
1223 75.9087 
1224 75.6781 
1225 75.4558 
1226 75.2415 
1227 75.0352 
1228 74.8367 
1229 74.6456 
1230 74.462 
1231 74.2855 
1232 74.1159 
1233 73.9531 
1234 73.7969 
1235 73.6471 
1236 73.5035 
1237 73.3658 
1238 73.2339 
1239 73.1076 
1240 72.9866 
1241 72.8709 
1242 72.76 
1243 72.6539 
1244 72.5524 
1245 72.4551 
1246 72.362 
1247 72.2728 
1248 72.1872 
1249 72.1051 
1250 72.0263 
1251 71.9505 
1252 71.8776 
1253 71.8078 
1254 71.7409 
1255 71.677 
1256 71.616 
1257 71.5579 
1258 71.5027 
1259 71.4504 
1260 71.4009 
1261 71.3543 
1262 71.3104 
1263 71.2694 
1264 71.2311 
1265 71.1956 
1266 71.1628 
1267 71.1328 
1268 71.1054 
1269 71.0807 
1270 71.0586 
1271 71.0392 
1272 71.0224 
1273 71.0081 
1274 70.9965 
1275 70.9873 
1276 70.9807 
1277 70.9766 
1278 70.9749 
1279 70.9758 
1280 70.979 
1281 70.9846 
1282 70.9926 
1283 71.003 
1284 71.0157 
1285 71.0308 
1286 71.0481 
1287 71.0676 
1288 71.0894 
1289 71.1135 
1290 71.1397 
1291 71.168 
1292 71.1985 
1293 71.2311 
1294 71.2658 
1295 71.3026 
1296 71.3413 
1297 71.3821 
1298 71.4249 
1299 71.4696 
1300 71.5162 
1301 71.5648 
1302 71.6152 
1303 71.6674 
1304 71.7215 
1305 71.7774 
1306 71.835 
1307 71.8943 
1308 71.9554 
1309 72.0181 
1310 72.0826 
1311 72.1486 
1312 72.2162 
1313 72.2854 
1314 72.3561 
1315 72.4284 
1316 72.5021 
1317 72.5773 
1318 72.6539 
1319 72.7319 
1320 72.8112 
1321 72.8919 
1322 72.9739 
1323 73.0572 
1324 73.1417 
1325 73.2274 
1326 73.3144 
1327 73.4024 
1328 73.4916 
1329 73.5818 
1330 73.6732 
1331 73.7655 
1332 73.8588 
1333 73.9531 
1334 74.0483 
1335 74.1444 
1336 74.2413 
1337 74.3391 
1338 74.4377 
1339 74.537 
1340 74.637 
1341 74.7377 
1342 74.8391 
1343 74.9411 
1344 75.0437 
1345 75.1468 
1346 75.2505 
1347 75.3546 
1348 75.4591 
1349 75.5641 
1350 75.6694 
1351 75.7751 
1352 75.8811 
1353 75.9874 
1354 76.0941 
1355 76.201 
1356 76.3083 
1357 76.4159 
1358 76.5238 
1359 76.632 
1360 76.7405 
1361 76.8494 
1362 76.9585 
1363 77.0679 
1364 77.1776 
1365 77.2876 
1366 77.3978 
1367 77.5084 
1368 77.6192 
1369 77.7303 
1370 77.8417 
1371 77.9533 
1372 78.0652 
1373 78.1774 
1374 78.2898 
1375 78.4025 
1376 78.5154 
1377 78.6286 
1378 78.742 
1379 78.8557 
1380 78.9696 
1381 79.0837 
1382 79.1981 
1383 79.3127 
1384 79.4275 
1385 79.5425 
1386 79.6577 
1387 79.7732 
1388 79.8888 
1389 80.0047 
1390 80.1207 
1391 80.237 
1392 80.3534 
1393 80.4701 
1394 80.5869 
1395 80.7039 
1396 80.821 
1397 80.9384 
1398 81.0559 
1399 81.1735 
1400 81.2913 
1401 81.4093 
1402 81.5276 
1403 81.6461 
1404 81.765 
1405 81.8844 
1406 82.0043 
1407 82.1248 
1408 82.2461 
1409 82.3681 
1410 82.4909 
1411 82.6148 
1412 82.7396 
1413 82.8655 
1414 82.9926 
1415 83.121 
1416 83.2507 
1417 83.3819 
1418 83.5145 
1419 83.6488 
1420 83.7847 
1421 83.9224 
1422 84.062 
1423 84.2035 
1424 84.347 
1425 84.4926 
1426 84.6405 
1427 84.7906 
1428 84.943 
1429 85.098 
1430 85.2555 
1431 85.4156 
1432 85.5785 
1433 85.7441 
1434 85.9127 
1435 86.0843 
1436 86.259 
1437 86.4368 
1438 86.618 
1439 86.8025 
1440 86.9905 
1441 87.182 
1442 87.3772 
1443 87.5761 
1444 87.7789 
1445 87.9856 
1446 88.1963 
1447 88.4112 
1448 88.6303 
1449 88.8537 
1450 89.0816 
1451 89.3139 
1452 89.5506 
1453 89.7917 
1454 90.0369 
1455 90.2862 
1456 90.5394 
1457 90.7964 
1458 91.0572 
1459 91.3215 
1460 91.5893 
1461 91.8605 
1462 92.1349 
1463 92.4123 
1464 92.6928 
1465 92.9762 
1466 93.2622 
1467 93.5509 
1468 93.8421 
1469 94.1356 
1470 94.4313 
1471 94.7292 
1472 95.029 
1473 95.3307 
1474 95.6341 
1475 95.9391 
1476 96.2455 
1477 96.5533 
1478 96.8622 
1479 97.1722 
1480 97.4832 
1481 97.7949 
1482 98.1072 
1483 98.4201 
1484 98.7334 
1485 99.0469 
1486 99.3604 
1487 99.674 
1488 99.9874 
1489 100.3 
1490 100.613 
1491 100.925 
1492 101.236 
1493 101.547 
1494 101.856 
1495 102.164 
1496 102.471 
1497 102.776 
1498 103.08 
1499 103.382 
1500 103.682 
1501 103.98 
1502 104.275 
1503 104.568 
1504 104.859 
1505 105.146 
1506 105.429 
1507 105.709 
1508 105.985 
1509 106.257 
1510 106.525 
1511 106.788 
1512 107.045 
1513 107.298 
1514 107.545 
1515 107.786 
1516 108.021 
1517 108.25 
1518 108.472 
1519 108.687 
1520 108.895 
1521 109.096 
1522 109.288 
1523 109.473 
1524 109.649 
1525 109.817 
1526 109.975 
1527 110.125 
1528 110.265 
1529 110.395 
1530 110.515 
1531 110.624 
1532 110.723 
1533 110.811 
1534 110.887 
1535 110.952 
1536 111.005 
1537 111.046 
1538 111.074 
1539 111.089 
1540 111.092 
1541 111.08 
1542 111.055 
1543 111.016 
1544 110.962 
1545 110.894 
1546 110.811 
1547 110.712 
1548 110.597 
1549 110.467 
1550 110.32 
1551 110.156 
1552 109.976 
1553 109.78 
1554 109.568 
1555 109.339 
1556 109.095 
1557 108.835 
1558 108.56 
1559 108.27 
1560 107.965 
1561 107.645 
1562 107.31 
1563 106.961 
1564 106.597 
1565 106.22 
1566 105.828 
1567 105.423 
1568 105.005 
1569 104.573 
1570 104.129 
1571 103.671 
1572 103.201 
1573 102.718 
1574 102.224 
1575 101.717 
1576 101.198 
1577 100.668 
1578 100.126 
1579 99.5734 
1580 99.0097 
1581 98.4352 
1582 97.8501 
1583 97.2548 
1584 96.6493 
1585 96.034 
1586 95.4091 
1587 94.7747 
1588 94.1311 
1589 93.4786 
1590 92.8173 
1591 92.1474 
1592 91.4693 
1593 90.7831 
1594 90.0891 
1595 89.3875 
1596 88.6785 
1597 87.9624 
1598 87.2394 
1599 86.5097 
1600 85.7737 
1601 85.0314 
1602 84.2833 
1603 83.5297 
1604 82.7708 
1605 82.007 
1606 81.2386 
1607 80.4659 
1608 79.6893 
1609 78.909 
1610 78.1254 
1611 77.3388 
1612 76.5495 
1613 75.7579 
1614 74.9644 
1615 74.1691 
1616 73.3725 
1617 72.575 
1618 71.7768 
1619 70.9782 
1620 70.1797 
1621 69.3815 
1622 68.5841 
1623 67.7877 
1624 66.9927 
1625 66.1995 
1626 65.4083 
1627 64.6197 
1628 63.8338 
1629 63.0511 
1630 62.272 
1631 61.4967 
1632 60.7256 
1633 59.9592 
1634 59.1978 
1635 58.4417 
1636 57.6913 
1637 56.947 
1638 56.2091 
1639 55.478 
1640 54.7542 
1641 54.0379 
1642 53.3296 
1643 52.6296 
1644 51.9384 
1645 51.2562 
1646 50.5835 
1647 49.9207 
1648 49.2682 
1649 48.6263 
1650 47.9954 
1651 47.3759 
1652 46.7678 
1653 46.1708 
1654 45.585 
1655 45.0103 
1656 44.4464 
1657 43.8934 
1658 43.3511 
1659 42.8194 
1660 42.2981 
1661 41.7873 
1662 41.2868 
1663 40.7964 
1664 40.3161 
1665 39.8458 
1666 39.3852 
1667 38.9345 
1668 38.4933 
1669 38.0616 
1670 37.6394 
1671 37.2264 
1672 36.8226 
1673 36.4278 
1674 36.0419 
1675 35.6649 
1676 35.2966 
1677 34.9368 
1678 34.5855 
1679 34.2425 
1680 33.9078 
1681 33.5811 
1682 33.2624 
1683 32.9516 
1684 32.6485 
1685 32.353 
1686 32.0649 
1687 31.7843 
1688 31.5108 
1689 31.2445 
1690 30.9851 
1691 30.7326 
1692 30.4868 
1693 30.2475 
1694 30.0148 
1695 29.7883 
1696 29.5681 
1697 29.3539 
1698 29.1456 
1699 28.9432 
1700 28.7464 
1701 28.5551 
1702 28.3692 
1703 28.1886 
1704 28.0132 
1705 27.8428 
1706 27.6772 
1707 27.5165 
1708 27.3604 
1709 27.2088 
1710 27.0617 
1711 26.9187 
1712 26.78 
1713 26.6452 
1714 26.5143 
1715 26.3871 
1716 26.2635 
1717 26.1435 
1718 26.0267 
1719 25.9132 
1720 25.8027 
1721 25.6952 
1722 25.5904 
1723 25.4883 
1724 25.3888 
1725 25.2916 
1726 25.1967 
1727 25.1039 
1728 25.013 
1729 24.924 
1730 24.8367 
1731 24.7509 
1732 24.6665 
1733 24.5833 
1734 24.5013 
1735 24.4202 
1736 24.3399 
1737 24.2604 
1738 24.1813 
1739 24.1026 
1740 24.0241 
1741 23.9457 
1742 23.8673 
1743 23.7886 
1744 23.7095 
1745 23.6299 
1746 23.5497 
1747 23.4686 
1748 23.3865 
1749 23.3033 
1750 23.2187 
1751 23.1328 
1752 23.0455 
1753 22.9568 
1754 22.867 
1755 22.7761 
1756 22.6841 
1757 22.5911 
1758 22.4973 
1759 22.4026 
1760 22.3073 
1761 22.2113 
1762 22.1148 
1763 22.0178 
1764 21.9205 
1765 21.8229 
1766 21.7251 
1767 21.6271 
1768 21.5292 
1769 21.4313 
1770 21.3335 
1771 21.236 
1772 21.1389 
1773 21.0421 
1774 20.9459 
1775 20.8503 
1776 20.7553 
1777 20.6611 
1778 20.5678 
1779 20.4755 
1780 20.3842 
1781 20.2941 
1782 20.2052 
1783 20.1177 
1784 20.0315 
1785 19.9469 
1786 19.8639 
1787 19.7827 
1788 19.7032 
1789 19.6256 
1790 19.55 
1791 19.4766 
1792 19.4053 
1793 19.3363 
1794 19.2697 
1795 19.2056 
1796 19.144 
1797 19.0852 
1798 19.0291 
1799 18.9759 
1800 18.9257 
1801 18.8786 
1802 18.8345 
1803 18.7935 
1804 18.7555 
1805 18.7206 
1806 18.6886 
1807 18.6596 
1808 18.6336 
1809 18.6106 
1810 18.5905 
1811 18.5733 
1812 18.559 
1813 18.5476 
1814 18.5391 
1815 18.5334 
1816 18.5306 
1817 18.5306 
1818 18.5334 
1819 18.539 
1820 18.5474 
1821 18.5585 
1822 18.5723 
1823 18.5888 
1824 18.6081 
1825 18.63 
1826 18.6546 
1827 18.6818 
1828 18.7117 
1829 18.7442 
1830 18.7792 
1831 18.8168 
1832 18.857 
1833 18.8997 
1834 18.9449 
1835 18.9926 
1836 19.0428 
1837 19.0954 
1838 19.1505 
1839 19.2079 
1840 19.2678 
1841 19.3301 
1842 19.3947 
1843 19.4616 
1844 19.5308 
1845 19.6024 
1846 19.6762 
1847 19.7523 
1848 19.8306 
1849 19.9111 
1850 19.9938 
1851 20.0787 
1852 20.1657 
1853 20.2546 
1854 20.3455 
1855 20.4382 
1856 20.5326 
1857 20.6287 
1858 20.7263 
1859 20.8255 
1860 20.926 
1861 21.0278 
1862 21.1308 
1863 21.2349 
1864 21.3401 
1865 21.4462 
1866 21.5532 
1867 21.6609 
1868 21.7692 
1869 21.8782 
1870 21.9876 
1871 22.0974 
1872 22.2075 
1873 22.3178 
1874 22.4282 
1875 22.5386 
1876 22.6489 
1877 22.7591 
1878 22.8689 
1879 22.9784 
1880 23.0874 
1881 23.1959 
1882 23.3037 
1883 23.4107 
1884 23.5169 
1885 23.6221 
1886 23.7262 
1887 23.8292 
1888 23.9309 
1889 24.0313 
1890 24.1302 
1891 24.2276 
1892 24.3233 
1893 24.4172 
1894 24.5093 
1895 24.5994 
1896 24.6874 
1897 24.7732 
1898 24.8568 
1899 24.938 
1900 25.0167 
1901 25.0928 
1902 25.1663 
1903 25.2374 
1904 25.3058 
1905 25.3718 
1906 25.4354 
1907 25.4964 
1908 25.5551 
1909 25.6114 
1910 25.6653 
1911 25.7169 
1912 25.7661 
1913 25.8131 
1914 25.8578 
1915 25.9003 
1916 25.9406 
1917 25.9786 
1918 26.0146 
1919 26.0484 
1920 26.0801 
1921 26.1098 
1922 26.1374 
1923 26.163 
1924 26.1866 
1925 26.2082 
1926 26.2279 
1927 26.2458 
1928 26.2617 
1929 26.2758 
1930 26.2881 
1931 26.2986 
1932 26.3073 
1933 26.3143 
1934 26.3196 
1935 26.3232 
1936 26.3252 
1937 26.3256 
1938 26.3244 
1939 26.3216 
1940 26.3173 
1941 26.3116 
1942 26.3043 
1943 26.2957 
1944 26.2856 
1945 26.2742 
1946 26.2614 
1947 26.2473 
1948 26.232 
1949 26.2154 
1950 26.1976 
1951 26.1786 
1952 26.1584 
1953 26.1371 
1954 26.1147 
1955 26.0911 
1956 26.0665 
1957 26.0408 
1958 26.0141 
1959 25.9863 
1960 25.9575 
1961 25.9278 
1962 25.897 
1963 25.8653 
1964 25.8327 
1965 25.7992 
1966 25.7647 
1967 25.7294 
1968 25.6932 
1969 25.6562 
1970 25.6184 
1971 25.5798 
1972 25.5405 
1973 25.5003 
1974 25.4595 
1975 25.4179 
1976 25.3757 
1977 25.3328 
1978 25.2892 
1979 25.245 
1980 25.2002 
1981 25.1548 
1982 25.1088 
1983 25.0624 
1984 25.0153 
1985 24.9678 
1986 24.9198 
1987 24.8714 
1988 24.8225 
1989 24.7732 
1990 24.7236 
1991 24.6735 
1992 24.6231 
1993 24.5724 
1994 24.5214 
1995 24.4701 
1996 24.4186 
1997 24.3668 
1998 24.3148 
1999 24.2626 
2000 24.2103 
